      1000   0.001  0.209E+11 -0.151E+12
      2000   0.001  0.326E+11 -0.172E+12
      3000   0.002  0.409E+11 -0.163E+12
      4000   0.002  0.506E+11 -0.159E+12
      5000   0.003  0.361E+11 -0.159E+12
      6000   0.003  0.126E+11 -0.103E+12
      7000   0.004  0.803E+10 -0.811E+11
      8000   0.004  0.159E+11 -0.109E+12
      9000   0.005  0.210E+11 -0.132E+12
     10000   0.005  0.103E+11 -0.106E+12
     11000   0.006 -0.183E+10 -0.600E+11
     12000   0.006 -0.558E+10 -0.746E+11
     13000   0.007  0.182E+10 -0.929E+11
     14000   0.007  0.186E+09 -0.813E+11
     15000   0.008 -0.103E+11 -0.623E+11
     16000   0.008 -0.356E+10 -0.645E+11
     17000   0.009  0.170E+10 -0.112E+12
     18000   0.010  0.738E+09 -0.779E+11
     19000   0.010 -0.898E+10 -0.574E+11
     20000   0.011 -0.110E+11 -0.521E+11
     21000   0.011 -0.275E+10 -0.618E+11
     22000   0.012  0.410E+10 -0.786E+11
     23000   0.012  0.114E+10 -0.705E+11
     24000   0.013 -0.490E+10 -0.700E+11
     25000   0.013 -0.473E+10 -0.830E+11
     26000   0.014 -0.894E+10 -0.548E+11
     27000   0.014 -0.163E+11 -0.490E+11
     28000   0.015 -0.932E+10 -0.587E+11
     29000   0.015 -0.402E+10 -0.732E+11
     30000   0.016 -0.611E+10 -0.605E+11
     31000   0.016 -0.444E+10 -0.487E+11
     32000   0.017 -0.505E+10 -0.683E+11
     33000   0.017 -0.899E+10 -0.546E+11
     34000   0.018 -0.137E+11 -0.346E+11
     35000   0.018 -0.177E+11 -0.352E+11
     36000   0.019 -0.127E+11 -0.443E+11
     37000   0.020 -0.981E+10 -0.499E+11
     38000   0.020 -0.378E+10 -0.460E+11
     39000   0.021 -0.810E+10 -0.535E+11
     40000   0.021 -0.835E+10 -0.666E+11
     41000   0.022 -0.123E+11 -0.400E+11
     42000   0.022 -0.205E+11 -0.301E+11
     43000   0.023 -0.184E+11 -0.295E+11
     44000   0.023 -0.175E+11 -0.312E+11
     45000   0.024 -0.208E+11 -0.284E+11
     46000   0.024 -0.673E+10 -0.293E+11
     47000   0.025 -0.549E+10 -0.534E+11
     48000   0.025 -0.903E+10 -0.527E+11
     49000   0.026 -0.131E+11 -0.267E+11
     50000   0.026 -0.220E+11 -0.209E+11
     51000   0.027 -0.213E+11 -0.197E+11
     52000   0.027 -0.231E+11 -0.179E+11
     53000   0.028 -0.233E+11 -0.233E+11
     54000   0.029 -0.750E+10 -0.427E+11
     55000   0.029 -0.457E+10 -0.631E+11
     56000   0.030 -0.864E+10 -0.440E+11
     57000   0.030 -0.157E+11 -0.240E+11
     58000   0.031 -0.227E+11 -0.201E+11
     59000   0.031 -0.231E+11 -0.187E+11
     60000   0.032 -0.243E+11 -0.169E+11
     61000   0.032 -0.755E+10 -0.279E+11
     62000   0.033 -0.492E+10 -0.593E+11
     63000   0.033 -0.455E+10 -0.623E+11
     64000   0.034 -0.981E+10 -0.364E+11
     65000   0.034 -0.192E+11 -0.231E+11
     66000   0.035 -0.234E+11 -0.198E+11
     67000   0.035 -0.242E+11 -0.190E+11
     68000   0.036 -0.250E+11 -0.175E+11
     69000   0.036 -0.697E+10 -0.287E+11
     70000   0.037  0.205E+10 -0.880E+11
     71000   0.037  0.926E+10 -0.766E+11
     72000   0.038  0.743E+09 -0.591E+11
     73000   0.039 -0.156E+11 -0.408E+11
     74000   0.039 -0.893E+10 -0.513E+11
     75000   0.040  0.206E+09 -0.742E+11
     76000   0.040  0.611E+10 -0.779E+11
     77000   0.041  0.149E+11 -0.804E+11
     78000   0.041  0.192E+10 -0.890E+11
     79000   0.042 -0.795E+10 -0.542E+11
     80000   0.042 -0.128E+11 -0.568E+11
     81000   0.043 -0.217E+10 -0.727E+11
     82000   0.043  0.101E+10 -0.779E+11
     83000   0.044 -0.466E+10 -0.634E+11
     84000   0.044  0.641E+09 -0.546E+11
     85000   0.045  0.601E+10 -0.103E+12
     86000   0.045  0.679E+10 -0.908E+11
     87000   0.046 -0.219E+10 -0.597E+11
     88000   0.046 -0.134E+11 -0.548E+11
     89000   0.047 -0.314E+10 -0.770E+11
     90000   0.048  0.696E+10 -0.927E+11
     91000   0.048  0.384E+10 -0.724E+11
     92000   0.049 -0.194E+10 -0.692E+11
     93000   0.049 -0.479E+09 -0.101E+12
     94000   0.050  0.386E+09 -0.701E+11
     95000   0.050 -0.110E+11 -0.620E+11
     96000   0.051 -0.136E+11 -0.548E+11
     97000   0.051 -0.497E+10 -0.893E+11
     98000   0.052  0.793E+10 -0.918E+11
     99000   0.052  0.742E+10 -0.722E+11
    100000   0.053  0.151E+09 -0.925E+11
    101000   0.053 -0.365E+10 -0.808E+11
    102000   0.054 -0.877E+10 -0.622E+11
    103000   0.054 -0.155E+11 -0.572E+11
    104000   0.055 -0.696E+10 -0.721E+11
    105000   0.055 -0.341E+10 -0.875E+11
    106000   0.056  0.865E+10 -0.674E+11
    107000   0.057 -0.738E+09 -0.716E+11
    108000   0.057 -0.280E+10 -0.101E+12
    109000   0.058 -0.559E+10 -0.739E+11
    110000   0.058 -0.143E+11 -0.570E+11
    111000   0.059 -0.172E+11 -0.595E+11
    112000   0.059 -0.125E+11 -0.692E+11
    113000   0.060 -0.996E+10 -0.697E+11
    114000   0.060 -0.439E+10 -0.557E+11
    115000   0.061 -0.711E+10 -0.810E+11
    116000   0.061 -0.857E+10 -0.823E+11
    117000   0.062 -0.117E+11 -0.588E+11
    118000   0.062 -0.208E+11 -0.547E+11
    119000   0.063 -0.176E+11 -0.548E+11
    120000   0.063 -0.200E+11 -0.551E+11
    121000   0.064 -0.209E+11 -0.528E+11
    122000   0.064 -0.791E+10 -0.497E+11
    123000   0.065 -0.653E+10 -0.872E+11
    124000   0.065 -0.925E+10 -0.705E+11
    125000   0.066 -0.143E+11 -0.527E+11
    126000   0.067 -0.213E+11 -0.494E+11
    127000   0.067 -0.189E+11 -0.479E+11
    128000   0.068 -0.209E+11 -0.461E+11
    129000   0.068 -0.749E+10 -0.459E+11
    130000   0.069 -0.654E+10 -0.724E+11
    131000   0.069 -0.665E+10 -0.808E+11
    132000   0.070 -0.103E+11 -0.591E+11
    133000   0.070 -0.171E+11 -0.460E+11
    134000   0.071 -0.221E+11 -0.433E+11
    135000   0.071 -0.222E+11 -0.411E+11
